Some((
    red: 0.7058824,
    green: 0.74509805,
    blue: 0.99607843,
))